-1 12
15 12
43
0 12
1 12
2 12
3 12
4 12
5 12
5 11
5 10
5 9
5 8
5 7
5 6
6 6
7 6
8 6
9 6
10 6
10 7
10 8
10 9
10 10
10 11
10 12
11 12
12 12
13 12
14 12
6 12
6 11
7 11
6 10
6 9
7 9
6 8
7 7
8 8
9 8
9 9
8 10
9 10
9 11
8 12
9 12
18
12 30
1 18 12 0,029
11 30
0 19 12 0,052
16 30
1 21 12 0,029
10 30
0 22 12 0,052
27 10
2 4 9 0,033
7 30
0 26 17 0,052
15 30
0 28 23 0,052
9 30
0 30 21 0,052
13 30
0 33 24 0,052
7 30
1 35 29 0,029
8 30
0 38 37 0,052
62 10
2 8 25 0,06
7 30
1 44 42 0,029
75 10
2 9 22 0,033
13 30
1 51 42 0,029
10 30
0 55 41 0,052
55 10
2 11 36 0,06
12 30
1 64 50 0,029