-1 11
14 2
53
0 11
1 11
2 11
3 11
4 11
4 10
4 9
4 8
4 7
3 7
3 6
3 5
4 5
5 5
5 6
6 6
7 6
8 6
8 7
8 8
8 9
8 10
7 10
7 11
7 12
8 12
9 12
9 11
10 11
11 11
12 11
12 12
13 12
14 12
14 11
14 10
13 10
13 9
13 8
13 7
13 6
12 6
11 6
11 5
11 4
11 3
10 3
10 2
10 1
11 1
12 1
12 2
13 2
16
15 30
1 11 12 0,029
11 30
1 12 12 0,029
15 30
0 13 12 0,052
9 30
1 14 12 0,029
15 30
0 15 16 0,052
10 30
0 17 20 0,052
14 30
0 18 23 0,052
12 30
0 20 31 0,052
11 30
1 21 29 0,029
16 30
1 23 44 0,029
11 30
1 25 38 0,029
69 10
2 5 25 0,033
18 30
1 30 47 0,029
11 30
1 33 46 0,029
11 30
1 35 56 0,029
54 10
2 7 41 0,06