13 16
7 10
63
13 15
13 14
13 13
13 12
13 11
13 10
13 9
13 8
13 7
13 6
13 5
13 4
13 3
13 2
12 2
11 2
10 2
9 2
8 2
7 2
6 2
5 2
4 2
3 2
2 2
2 3
2 4
2 5
2 6
2 7
2 8
2 9
2 10
2 11
2 12
2 13
3 13
4 13
5 13
6 13
7 13
8 13
9 13
10 13
10 12
10 11
10 10
10 9
10 8
10 7
10 6
10 5
9 5
8 5
7 5
6 5
5 5
5 6
5 7
5 8
5 9
5 10
6 10
15
12 30
0 14 12 0,052
16 30
1 15 12 0,029
12 30
1 17 12 0,029
16 30
0 18 12 0,052
21 30
0 20 14 0,052
17 30
1 22 19 0,029
6 30
1 24 20 0,029
37 10
2 5 13 0,033
12 30
0 29 28 0,052
16 30
0 31 31 0,052
10 30
1 34 33 0,029
20 30
0 37 30 0,052
53 10
2 8 20 0,06
32 10
2 8 26 0,033
14 30
0 49 52 0,052